107641979264998 7321
107825249240945 3327
110288948999058 2414
104112892957168 2120
142065085812365 1770
115112848502927 1522
112340672110470 1473
115946728419025 1321
108722959158545 1186
109577692393195 1182
359307834095024 1130
115582638455782 1085
263704590309984 1044
103770256328342 987
111155405573220 980
116187055061552 849
108022245884651 775
107756789246810 739
114654718547333 730
84373376522 686
231543090233889 661
106094999420840 647
103117373062215 617
140533385994306 597
11777366210 591
243775288975628 580
108663695825202 575
112473088764587 559
105659952801803 522
108388605855893 499
111804805503429 489
159746560708670 488
20950498489 482
111831648833294 455
108421852513267 446
108143065873065 445
103731679665568 444
276095349078289 439
138771172849804 437
105570569477102 436
103132133060009 436
103091413063976 434
108628105828183 428
25294332360 414
112914498723349 408
104050229630293 408
20809428467 407
105978022767733 407
109257442426430 398
109705612381196 396
112850938726887 394
108553132502824 391
110011405688688 383
11815164971 373
108357189196052 369
123296981016580 367
108063322551953 364
108255299199018 363
40299356186 363
107765745919525 363
107343395962134 362
108072122547649 358
108138105886956 356
112675862080459 354
109496879069549 353
108280955866645 351
103121346395064 350
104029189634951 336
105960162769069 336
140768975933362 335
111933038817665 332
108178452537550 330
106012526096681 325
103740319665080 324
103746539663997 322
107659002597098 322
105580359474660 320
104097312960776 316
105599832807454 316
234202803271464 313
108404972520715 312
15686969411 311
109847389034587 310
104070059630857 308
276563165697438 307
109414109085595 305
104107972960350 303
115051351841914 300
107897836004707 295
105579489475013 294
112686985412408 292
108037025883653 291
108470939177841 290
105506892816487 289
50741735729 283
109398569079581 281
103762046328979 279
123550087751787 278
105813716118247 278
114928041856646 271
104137206288444 269
105570302810297 267
115404955137381 265
109397672419606 262
106019566095225 262
112838412062991 260
110162462346526 260
109294189097649 259
104026852966686 255
124339950984219 252
106066639425552 250
73471584706 249
285240848169943 249
112235788789069 248
107802765908868 246
105974956097288 244
112469308764964 242
114430431906161 241
104167169619045 238
107384472624773 237
131792940220108 236
115091221838393 233
103824936322508 232
254418024580982 228
114531238562971 228
111854182164302 226
108127299209156 223
103802456325263 221
110161492340714 220
108623495829665 220
151160234940914 218
109558222395150 217
135749963188371 215
107448119284549 215
112605852083973 214
108164335874828 213
108138075874316 213
110066315676489 213
132895753445573 210
112085118808667 210
107964079225923 210
107971855890426 208
108101129217451 207
105711682796304 204
108718802486146 204
103758366329054 201
103167983057326 201
107724149257129 199
39860039925 198
167709543290648 198
105494132818626 197
109625332389110 197
104046199630673 197
332230740134829 196
108120665875016 195
108706495819826 194
112273432121762 194
105753329459670 193
112686585412448 193
120851194614115 189
177023528976270 186
114411091907445 186
237842452930668 185
129687863720149 183
109442602415998 181
106022662771257 180
245028138893211 179
347029321992361 179
112796298734410 178
113618571981513 176
112019455476106 176
163604060333878 176
104032719634039 175
105493159483901 175
109890709037905 175
108264105861131 175
112683092076048 174
112174032133021 173
110701212291379 173
108248082539363 173
109547329071905 173
111518022199801 172
108558869174561 171
114617731887048 171
203923222964263 169
344695912224001 167
112416118774975 166
21667956864 166
204817859565927 166
104076712963077 164
105603536138887 164
103758182995807 162
108179399203317 162
106477649388131 161
112826818732046 160
114945345183807 160
102801163089703 159
117480118327479 159
103790909660107 158
103775042994829 158
102178163157659 157
112236488791445 157
322757961099103 156
105568606142739 156
108050589215954 155
184791834881616 154
152542051476998 154
109550675731038 153
108195592534012 153
112264108786241 153
105543919480132 153
108609585829730 153
107441915951891 152
108576355834402 152
108404795854066 152
282825788446821 149
107882912575302 149
107281112635118 148
284177564941187 148
214772491870366 147
192152212555 147
109488202409989 146
133236186703780 146
108180709210791 146
194185797276228 146
105557426145540 145
103731279665586 145
108595272498971 144
109689439048861 143
103711193001118 143
108054342555798 143
105651392801917 143
106211422741090 140
103999896305315 140
109363349082127 140
103712497433 140
109632875721645 140
190616700999052 140
105787489456148 139
123099061093478 139
108129605876861 139
108508602506141 139
146087632124791 139
108387572515020 138
107501219279839 138
114890475189353 137
155962181141774 136
103123519727611 136
111945452165734 136
100340066686168 135
104104499625332 134
108666199158097 133
112361885441733 133
108436222513944 132
103747986326038 132
114300511920212 132
217071091314 132
105634136137081 132
201100959979792 131
103975372971904 131
109341535752478 130
50 130
56473617194 130
199098633470668 130
252448498141394 129
105470119487701 129
102201526493700 128
25499962056 128
112221955460147 128
109846352378269 128
105526569481651 128
112436258773213 127
105635839469696 127
109546639071765 127
112664565412898 125
114928845189928 125
103767389662187 124
116417048368379 124
109447949081309 123
115382361809070 123
111064005584187 123
107751982588078 121
112271948784708 121
115964321783944 121
103834689655132 121
103141709726631 121
118350410327 120
43413980024 120
228914940513956 119
108171335870040 119
105957002769288 119
110625962292207 119
114312895247296 119
107675885922143 119
108442262512769 118
109998405696733 117
109616095728135 117
103990129636544 117
104065802964752 115
145175725578574 115
112585118757481 115
104074506297037 115
108554569175820 113
216158591756199 113
115933481750104 113
112964645384541 113
107821809246227 113
112743815406517 112
109789932381273 112
113170212030517 112
106008869430231 112
112520438759047 112
110271278997755 111
108473732513283 111
115538755123952 111
105852112787937 111
112716025409740 111
114836791862134 111
339284532763832 110
103108823063153 110
108708719154276 109
105557789476803 109
112168275466651 109
139613206070458 108
112472935431860 108
106130876084714 108
111952172156871 107
108092715878825 107
108638965826989 107
115025158571681 106
184693484930824 106
368459759832306 106
138549309552572 105
115836031764171 105
108556305836049 105
108376422526466 105
107953179225156 105
18781082506 104
113141302033921 104
103135213060716 104
108099249219091 103
225596394181062 103
114010355275695 103
109440869082338 103
112664102080074 103
107609289268462 103
108241335867897 103
109364849090302 103
112243685455058 102
111993178813239 102
105584069474797 102
108340269186899 101
109563812395775 101
112442595433810 101
103763069661976 101
111921442152258 101
108196582538810 101
105607846138954 101
110095415677000 100
118580084823914 100
107936789227001 100
108296772523882 100
109785475714734 100
120471101332984 99
107783969244651 99
110534135628784 99
111622248864272 99
116457841698470 99
106906122664692 99
104028976299221 99
108157509212483 97
188462611271903 97
109593059060319 97
114243315259160 97
112698818745368 97
111031606992 97
105895136107939 96
148219955295820 95
108214949199292 95
107765449257072 95
110233282326872 95
112423725441823 95
111846222161924 95
108116472544697 94
108026662559095 94
112475572098492 94
107879905908183 94
108391812515323 93
109080619110262 93
111870078829716 93
215212778537433 93
106220116081628 93
105555926145309 93
107707765918516 93
106166099415733 93
134252979539 92
114717168540985 92
111977832151547 92
193379494024886 92
109249469094411 91
108741585817113 91
109749265718669 91
174510132605409 91
156988164380844 91
103991799637240 91
114035788613768 91
123599197663431 90
112273988789257 90
112787748736373 90
212954805407540 90
347307071948485 90
107587045937562 89
223331614344065 89
108454435845756 89
103966329641385 89
109614572398918 89
113575885319256 88
106210999410856 88
226663290732865 88
106023116094848 88
109687282384055 88
141609025866607 87
111982902147087 87
111940452156039 87
109469405746262 87
111538538863776 87
104082509629039 87
113915095288506 87
106761946012131 86
259107694128851 86
126666957442655 86
66435815451 86
166018420106921 86
108205265868175 86
20307477656 86
109213649097912 85
115341918479555 85
106098722755263 85
113835735300154 85
108424842515681 85
105666436132712 85
103424293030431 84
107935845900839 84
102265573142415 84
103144503058854 84
91436232266 84
109746119044823 84
109141935771708 84
107501435939072 83
103831059655691 83
113924918618268 83
271675646187752 83
108694332494908 83
112715298743415 83
118843458195668 82
109563255730113 82
300224781015 82
110866728927744 82
112618095417726 81
107939882561446 81
15458005572 81
105697619462600 80
103055289734039 80
104045862965311 80
128860377188187 79
175933485780497 79
150790658312538 78
112054612147878 78
108274455863036 78
380126442015288 78
171006647321 78
109669602384861 78
104723792903004 78
104066586296949 77
107659625930227 77
108507619171523 77
110525768971427 77
170889472955944 77
169737456371191 77
109110885774740 77
108408999184205 76
110008932354055 76
38478233281 76
108647012499240 76
136860309670197 76
109617645723987 76
105715739461917 76
103745119664536 76
113214632026104 76
106267792741773 75
113847901959200 75
111385558872325 75
103768709661803 75
111970905485991 75
109599042400057 75
115557235124521 74
103777926327395 74
109874872363358 74
111817428838153 74
113522928661380 74
