116417048368379 25.47
109789932381273 2.99
107897836004707 4.51
112605852083973 4.49
105470119487701 23.7
109749265718669 13.44
107343395962134 11.18
115091221838393 10.07
108576355834402 10.06
105557426145540 6.18
107783969244651 6.6899999999999995
108508602506141 0.99
109669602384861 12.77
104104499625332 9.98
108143065873065 43.49
108556305836049 11.92
110161492340714 13.26
103141709726631 10.61
112618095417726 2.95
380126442015288 13.19
223331614344065 0.99
103132133060009 10.15
114836791862134 10.79
231543090233889 12.59
108255299199018 13.26
163604060333878 14.0
105570302810297 7.58
113170212030517 13.42
105506892816487 12.23
123550087751787 10.78
104028976299221 5.66
108171335870040 1.8
126666957442655 17.7
111538538863776 13.99
107825249240945 9.99
103966329641385 5.5
113835735300154 5.99
105895136107939 19.51
225596394181062 20.0
112271948784708 13.9
104029189634951 8.39
115341918479555 11.99
105635839469696 10.41
133236186703780 10.87
108072122547649 8.45
111993178813239 14.99
40299356186 16.41
103123519727611 14.99
170889472955944 7.99
103831059655691 9.99
21667956864 9.99
105634136137081 12.23
108116472544697 12.97
285240848169943 10.07
112585118757481 9.99
105555926145309 21.99
112475572098492 13.81
159746560708670 7.55
107441915951891 12.49
103999896305315 17.99
105543919480132 6.19
107659625930227 7.1
110008932354055 3.99
105651392801917 12.8
109563255730113 6.5600000000000005
106019566095225 9.59
108708719154276 11.92
107281112635118 10.87
105570569477102 7.19
106220116081628 8.09
109632875721645 8.49
112168275466651 8.37
112019455476106 14.34
109249469094411 0.99
103108823063153 8.99
105526569481651 9.69
115538755123952 9.26
107964079225923 13.31
108264105861131 7.99
228914940513956 6.97
136860309670197 12.47
103758366329054 9.58
107501435939072 6.29
103991799637240 10.44
112273988789257 3.0
216158591756199 19.95
73471584706 16.17
108376422526466 13.04
112264108786241 5.99
108164335874828 7.19
109080619110262 10.49
103758182995807 2.9699999999999998
217071091314 14.95
112964645384541 10.38
108647012499240 6.52
104076712963077 5.33
104050229630293 7.59
113214632026104 13.46
104046199630673 8.79
108196582538810 2.99
108663695825202 6.18
115112848502927 12.49
113522928661380 4.62
115964321783944 7.99
103762046328979 7.54
43413980024 7.19
114654718547333 9.99
105494132818626 3.99
254418024580982 11.39
107935845900839 7.19
108507619171523 4.99
112423725441823 12.21
263704590309984 6.59
108280955866645 11.01
109599042400057 10.87
108054342555798 9.67
108157509212483 7.49
214772491870366 6.08
111952172156871 7.9399999999999995
103747986326038 8.6
109447949081309 14.0
110271278997755 12.49
109614572398918 8.99
108470939177841 9.94
108706495819826 17.99
115051351841914 5.0
112221955460147 10.7
105753329459670 9.84
201100959979792 8.79
109440869082338 6.29
107939882561446 13.99
112361885441733 13.08
107936789227001 9.51
104137206288444 12.8
106022662771257 8.99
123099061093478 7.96
112085118808667 10.85
118580084823914 4.86
109414109085595 4.99
108127299209156 9.01
105603536138887 12.99
104074506297037 4.83
115933481750104 25.99
112664102080074 13.99
115382361809070 9.48
108628105828183 12.0
175933485780497 16.72
347307071948485 9.99
107971855890426 10.07
109110885774740 9.04
107882912575302 9.99
111622248864272 7.39
105580359474660 7.99
141609025866607 6.83
111817428838153 11.86
113618571981513 6.29
39860039925 21.83
109617645723987 11.52
112838412062991 12.76
108099249219091 12.77
107765449257072 8.59
112520438759047 2.99
105666436132712 10.75
234202803271464 9.51
103731279665586 11.55
131792940220108 10.91
84373376522 16.77
107609289268462 9.99
106130876084714 2.5
105957002769288 7.55
112850938726887 9.19
128860377188187 22.5
113575885319256 7.99
322757961099103 12.03
112686585412448 13.34
112743815406517 18.99
110095415677000 6.41
112683092076048 9.24
107879905908183 6.99
115404955137381 9.99
103746539663997 2.99
50741735729 15.63
108387572515020 2.99
120851194614115 4.86
109496879069549 5.6899999999999995
11815164971 12.79
108138105886956 6.18
114010355275695 2.99
113924918618268 10.07
112472935431860 6.11
359307834095024 4.76
108722959158545 18.95
103990129636544 7.03
112787748736373 4.97
108022245884651 10.07
111945452165734 9.6
112236488791445 21.57
111921442152258 10.99
114531238562971 7.55
109846352378269 10.92
20950498489 7.99
103975372971904 6.36
103777926327395 11.39
112716025409740 10.31
111831648833294 6.6
108424842515681 7.76
109469405746262 9.99
107821809246227 7.51
105584069474797 33.75
105697619462600 10.23
108558869174561 6.99
112243685455058 8.09
111970905485991 14.28
112416118774975 8.43
106166099415733 13.6
111064005584187 31.53
104167169619045 11.99
114928041856646 9.99
108205265868175 28.46
107756789246810 9.13
103144503058854 3.99
188462611271903 8.28
190616700999052 10.87
108180709210791 3.59
66435815451 9.41
156988164380844 3.49
113847901959200 3.99
148219955295820 14.2
109363349082127 9.9
108241335867897 7.89
109563812395775 11.46
103824936322508 9.71
112273432121762 7.98
103167983057326 7.6
103711193001118 33.95
111933038817665 10.34
108694332494908 4.99
114430431906161 12.2
108741585817113 10.4
108092715878825 12.44
102178163157659 25.99
113141302033921 13.27
108421852513267 4.11
199098633470668 30.87
140768975933362 23.23
108274455863036 4.0
105715739461917 4.08
106210999410856 7.99
103117373062215 2.9699999999999998
112442595433810 5.39
104070059630857 11.02
104066586296949 1.99
105568606142739 12.15
108026662559095 17.7
347029321992361 6.49
105659952801803 8.28
108388605855893 7.2
109398569079581 7.61
109141935771708 12.88
109687282384055 0.0
103768709661803 10.2
145175725578574 14.99
56473617194 12.76
104112892957168 33.75
116187055061552 17.7
174510132605409 31.2
108553132502824 28.46
91436232266 26.1
108357189196052 5.99
103770256328342 13.44
106008869430231 3.0
106098722755263 13.0
106906122664692 22.8
109689439048861 6.25
105852112787937 13.0
112473088764587 6.99
107675885922143 6.29
109890709037905 18.05
103740319665080 24.99
120471101332984 5.99
106477649388131 11.55
114312895247296 7.99
103055289734039 8.54
107384472624773 13.34
109616095728135 20.11
105599832807454 12.49
109294189097649 0.99
102801163089703 11.9
108408999184205 7.54
118843458195668 9.71
129687863720149 11.98
107802765908868 11.55
112174032133021 9.99
109364849090302 6.99
108063322551953 9.69
104082509629039 13.6
109577692393195 9.19
103763069661976 26.1
109547329071905 9.19
237842452930668 6.99
107501219279839 9.85
108404972520715 4.95
111031606992 15.88
112675862080459 5.99
169737456371191 19.0
108037025883653 7.99
11777366210 13.44
108718802486146 10.15
108129605876861 9.86
109593059060319 11.65
107765745919525 4.44
103121346395064 10.2
107751982588078 7.63
114617731887048 10.88
114945345183807 6.59
103731679665568 8.8
339284532763832 12.03
114035788613768 23.23
106094999420840 7.99
108120665875016 14.2
284177564941187 11.73
114411091907445 15.28
109705612381196 12.23
20307477656 9.73
15458005572 19.6
114928845189928 9.19
105607846138954 9.84
252448498141394 14.99
108179399203317 12.03
110534135628784 8.61
243775288975628 23.95
108442262512769 9.51
111804805503429 12.85
110066315676489 2.99
105960162769069 14.18
108454435845756 24.53
109998405696733 5.6899999999999995
276563165697438 10.88
332230740134829 8.89
282825788446821 14.5
103834689655132 10.99
108391812515323 13.99
108554569175820 9.78
111155405573220 0.99
103767389662187 9.09
112826818732046 21.93
108666199158097 10.98
15686969411 7.99
111977832151547 10.28
109397672419606 23.79
103135213060716 6.49
108248082539363 5.99
104107972960350 10.16
245028138893211 10.79
108595272498971 2.99
108138075874316 9.99
108623495829665 4.91
104045862965311 12.23
114300511920212 10.19
107587045937562 10.87
100340066686168 29.95
118350410327 7.51
110625962292207 8.9
108050589215954 20.12
110701212291379 9.99
109558222395150 2.99
112054612147878 6.97
215212778537433 5.12
105493159483901 12.03
111982902147087 10.87
108473732513283 2.99
109546639071765 12.64
105711682796304 9.56
103775042994829 9.79
104026852966686 14.1
107641979264998 14.1
139613206070458 6.6899999999999995
105579489475013 2.99
300224781015 12.06
109785475714734 11.97
107448119284549 55.51
108101129217451 10.74
103802456325263 6.04
112469308764964 8.68
106012526096681 11.55
108436222513944 8.54
110011405688688 7.99
109625332389110 14.21
111870078829716 9.23
109442602415998 8.92
109213649097912 11.55
106066639425552 12.8
107724149257129 3.99
110288948999058 18.99
107707765918516 12.79
192152212555 9.99
105787489456148 8.99
108195592534012 8.97
111854182164302 0.99
116457841698470 7.39
107953179225156 10.5
103712497433 11.69
112698818745368 10.65
25294332360 12.87
109341535752478 4.99
104097312960776 10.02
104065802964752 5.49
111385558872325 14.99
105557789476803 11.52
109488202409989 8.97
111518022199801 20.31
155962181141774 12.43
114717168540985 12.49
112340672110470 4.99
112914498723349 8.46
104723792903004 3.03
108296772523882 9.84
152542051476998 8.66
203923222964263 4.79
103424293030431 9.99
106267792741773 8.57
108404795854066 5.89
115557235124521 15.5
103790909660107 10.39
112686985412408 13.26
115946728419025 5.6899999999999995
111846222161924 9.87
115836031764171 9.98
368459759832306 9.48
109550675731038 14.99
113915095288506 11.84
276095349078289 10.19
112235788789069 8.72
20809428467 16.8
344695912224001 16.73
103091413063976 15.63
114890475189353 9.94
103745119664536 10.13
109847389034587 6.99
109746119044823 14.1
104032719634039 16.27
112436258773213 7.99
105978022767733 9.99
146087632124791 0.99
115582638455782 9.99
